crazyflies:
  - id: 1
    channel: 100
    initialPosition: [2.100000, -1.200000, 0.000000]
    type: large

  - id: 3
    channel: 80
    initialPosition: [0.500000, 0.200000, 0.100000]
    type: default

  - id: 6
    channel: 80
    initialPosition: [0.000000, 0.000000, 0.000000]
    type: defaultSingleMarker
